33333333333333330000000003333333333333333333333333
31111111133333300001910000033333333333311111111113
31000000133333300009890000033333333333310000000013
31000000111133000001910000033333333333110000000013
31000000000200030000000000000000000000200000000013
31000000011133333000000003333333333333100000000013
31111111113333333300003333333333333333111111111113
33333333333333333000003333333333333333333333333333
33333333333333333000003333333333333333333111111333
31111111111333333000003333333333333333331100001133
31000000001333333300003333333333333333331000000113
31000000111333333300003333000000000000002000000013
31000000200000000000000000033333333333311000000113
31000000111333333300000333333333333333310000001133
31000000001333333330000333333333333333311111111333
31111111111333333330000033333333333333333333333333
33333333333333333330000033333333333333111111111133
31111111333333333330000033333000000000200000000113
31000001133330000333000003330033333333100000000013
31000000200000330000000000000333333333111000000013
31100011133333333333000003333333333333331111111113
33111113333333333333566703333333333333333333333333
