111111111111111111111111111111111111111111111111
100000000000000000000000000000000000000000000001
101111211110001110001110001110001110001111211101
101000000010001110001110001110001110001000000101
101000000010000000000000000000000000001000000101
101000000010001110001110001110001110001000000101
101000000010001110001110001110001110001000000101
101000000010000000000000000000000000001000000101
101000000010001110001110001110001110001000000101
102000000010001110001110001110001110001000000201
101000000020000000000000000000000000002000000101
101000000010001110001110001110001110001000000101
101000000010001110001110001110001110001000000101
101000000010000000000000000000000000001000000101
101000000010001110001110001110001110001000000101
101000000010001110001110001110001110001000000101
101000000010000000000000000000000000001000000101
101112111110001110001110001110001110001111211101
100000000000001110001110001110001110000000000001
100000000000000000000000000000000000000000000001
100000000000000000000056670000000000000000000001
100000000000000000000000000000000000000000000001
111111111111111111111111111111111111111111111111
