00000000000000000000000000000000000000000000000000
01111111100000199999999999999999991000000111111110
01000000100000933333333333333333339000000100000010
01000000200000933333333333333333339000000200000010
01000000100000199999999121999999991000000100000010
01111111100000000000000000000000000000000111111110
00000000000000000000000090000000000000000000000000
01111111100000000000000989000000000000000111111110
01000000100000000000009888900000000000000100000010
01000000200000000000098818890000000000000200000010
01000000100000000000009888900000000000000100000010
01111111100000000000000989000000000000000111111110
00000000000000000000000090000000000000000000000000
01111111100000000000000000000000000000000111111110
01000000100000000000000000000000000000000100000010
01000000200000000000000000000000000000000200000010
01000000100000000000000000000000000000000100000010
01111111100000000000000000000000000000000111111110
00000000000000000000100000010000000000000000000000
00000000000000000000905667090000000000000000000000
00000000000000000000900000090000000000000000000000
00000000000000000000199999910000000000000000000000
