11111111111111111111811111111111111111111111111111
00000000000000000000800000088888880000088880000001
00000000000000000008888088880000088008801088000001
00000000000000000088008800000000008888001008000001
11111111111111111080111111111111111111121108880001
00000000000000001088000100088880000100000008080001
00088888888000001008800108888880000100000888088001
00888888888800002088880100888888800108888800008881
88888888888800001080080108888888000188000000000081
00088888880000111080080100000008800880000000888881
00000888000000188880000200000000888811121110811111
00000008800000180000000100000000000800000000000000
00000000880000188800000111111111118888800000088800
00000000080000100880000100000000008110888888800080
00000000088888888800001100000000088011000000000088
11111111111111100800020000000008880001111111121118
00000000000000008801100888008888000000000000000008
88800000000008888011000808888000088888888000000888
00880000888888000110888880000000888888880000088800
00088888800000001108800088800000888888888888880000
00000080000000110088056670880000888888888800000000
00000080000011008880000000088888888888800000000000
