11111111111111111111111111111111111111111111111111
10000000000010000000000000000000000000000000000001
10000000000010000000000000000011111111111111000001
10000000000010000000000000000010000000000000100001
10000000000000000000000000000010000000000000200001
11111111111111111111111122111111111111111111111111
09000000000000000000000000000000000000000000000990
09900000000000000000000000000000000000000000099000
00900000000000000000000000000000000000000000990000
00999999999999999999999922999999999999999999900000
00000000000000000000000000000000000000000000008888
00000000000000000000000000000000000000000088888888
88000888800000000000000008888880088800000888888888
88888888808880000000008888888888888888008888888888
08880800888888888008888888000088880888888888888888
00000000000088888888888000000000000008888888888888
00000000000000008888000000000000000000000888888888
00000000000000000000000000000000000000000088888888
00000000000000000099990000000999000000000008888888
00000000000000000000000099000900000000000000088888
00000000099000000000056670000000009000000000008888
00090000000000000000000000000000000900000000000008
