11111111111111111111111111111111111111111111111111
10100000000000100000000100000200000100000000000101
10111211111111111111110100000101111111111111112101
10100000010000000000000111110002000100000000000101
10111111210000000000000200010001000001111111111101
10000000011111111121111110000001111100000000010001
11111111020000000101000000111111110201111111210111
11100000011110111100011110200000100111000001000001
10201111110010000201111000111110012111111100001121
10000001000020111100001110000011010000010121100101
10100000000000100000000100000200000100000000000101
10111211111111111111110100000101111111111111112101
10100000010000000000000111110002000100000000000101
10111111210000000000000200010001000001111111111101
10000000011111111121111110000001111100000000010001
11111111020000000101000000111111110201111111210111
11100000011110111100011110200000100111000001000001
10201111110010000201111000111110012111111100001121
10000001000020111100001110000011010000010121100101
11111111020000000101000000111111110201111111210111
10100000010000000000000156670002000100000000000101
11111111111111111111111111111111111111111111111111


